start=87.295000
volume=96.000000
