start=69.611000
volume=56.000000
